Иванов Иван Иванович, 5, 4, 5, 3, 5, 5, 2, 3
Петров Петр Сергеевич, 4, 5, 2, 5, 3, 4, 5, 5, 5, 4
Никонов Прохор Кимович, 3, 4, 3, 2, 5, 4, 2, 3, 4
Захаров Клемент Яковович, 4, 2, 5, 4, 2, 2, 5, 2
Баранов Донат Егорович, 5, 5, 5, 5, 5, 5, 5, 5
Чернов Денис Лукьянович, 4, 5, 2, 3, 3, 3, 3
Гурьева Эльмира Германовна, 2, 4, 5, 5, 5, 4, 2, 3
Щукина Регина Пантелеймоновна, 5, 4, 5, 3, 4, 4, 4, 5
Сафонова Эльга Константиновна, 5, 4, 2, 2, 5, 4, 4, 4, 5
Блинова Нания Рубеновна, 5, 2, 5, 3, 4, 4, 4, 5
Терентьева Селена Богуславовна, 5, 4, 5, 2, 3, 2, 5, 4
Козлова Залина Вячеславовна, 4, 3, 2, 2, 3, 3, 4, 5